x
-1 1
1 0 7
2 0 13
3 0 19
4 -39 0
5 0 8
6 -6 0
7 0 5.03973244159
8 0 6.19457822711
9 0 13.0851712329
10 0 5.55338116479
11 0 6.81142911676
12 0 4.84068551334
13 0 5.44473040632
14 0 12.4079519075
15 0 34.16
16 -20.39 0
17 0 7
18 0 10
19 0 1.6
20 0 1.1
21 0 0.983
22 -1.34575 0
23 0 1.441
24 -1.634 0
25 0 1.17063636364
26 -1.7462 0
27 0 1.25
28 -2.11633333333 0
29 0 769.6799999999999
30 -2104.537 0
31 0 3607.06
32 -1828.248 0
33 -7.04919505026 2.7498968523
34 -2.08067797218 7.16678201035
35 -7.17031053454 2.51752072573
36 -2.72220325284 10.4161670906
37 -11.7670383491 3.78857006691
38 -3.66694400273 5.40273740049
39 -4.65490802558 7.17788615823
40 -3.15968405083 11.2608023062
41 -4.9528509602 3.85809682868
42 -2.97319001157 9.417781624710001
43 -5.51265617314 5.60988889355
44 -12.4796347953 6.21418259665
45 -5.18549412489 4.25488638412
46 -1.84180548415 7.95900420845
47 -8.83541692607 2.83140840009
48 -4.57822454348 6.16939920513
49 -15.5612408966 2.53527275243
50 -11.7532960074 1.54845580459
51 -4.70523087587 6.00384235289
52 -7.11336505972 4.2483079657
53 -4.04314845987 5.1197360754
54 -9.541305243969999 2.44807891548
55 -6.93654659786 3.95848938357
56 -1.28319344297 10.0328291589
57 -6.37889956124 4.64803941641
58 -4.29594855569 5.86781416833
59 -2.14339376707 8.615924690849999
60 -10.0034917891 5.91692982335
61 -5.33134913293 8.541462946679999
62 -5.43580445461 3.08974318765
63 -4.47133197216 8.608206450939999
64 -8.1224116683 3.2909500394
65 -2.83093845658 7.33045347966
66 -5.87640669197 4.0801963238
67 -7.2937671449 3.8808150664
68 -3.78897978226 7.11828903109
69 -7.1738864677 2.32569983788
70 -7.39146359265 3.34476931952
71 -4.54208250856 4.47745283075
72 -5.55341260554 5.35808677971
73 -2.5225515645 4.99641374731
74 -6.17192189721 4.95897414163
75 -4.96415965585 3.16287053842
76 -9.140549093480001 4.76667407528
77 -3.43493470456 14.3710921332
78 -6.52222118364 10.6587272882
79 -10.5634351 3.86886892701
80 -10.0941171851 4.44683380891
81 -2.32899485528 9.21386273109
82 -5.34323291853 4.17002697289
83 -3.48232508311 9.235393069680001
84 -8.40670228936 3.41513362341
85 -2.65077683399 6.57952613756
86 -10.364145318 1.1400720058
87 -2.93793112133 7.2702091001
88 -5.35474639159 5.43431404978
89 -1.99586688355 7.86536263302
90 -5.23398587853 4.3694912456
91 -6.00996997488 7.23565968871
92 -6.21937338868 5.00922315009
93 -4.13316958584 6.60838369839
94 -4.51104109734 3.11859284248
95 -3.3291147924 5.97873186693
96 -4.16603177413 3.9506008327
97 -10.8701842094 1.33615458384
98 -3.95392356999 5.9490378215
99 -6.02033352852 3.25739406236
100 -8.003921817989999 3.70885582455
101 -7.12881273683 2.86936655757
102 -4.65346087888 6.09435109235
103 -3.3427930352 4.83845407492
104 -7.13881581184 4.59029604122
105 -3.27381747961 5.10676205158
106 -1.69325808197 9.6055001989
107 -8.772266780960001 3.48132084217
108 -4.81071807095 4.12108294293
109 -5.16046179272 3.61020615883
110 -2.94047881942 6.38074017642
111 -4.53372181393 3.5038710665
112 -3.52674216963 7.52848807815
113 -6.35810903338 3.69232248142
114 -5.92343146878 7.61063715816
115 -8.7082049232 5.5604330264
116 -7.33730391413 4.06532789022
117 -5.16231944878 3.52337537706
118 -5.52210938139 3.36667932838
119 -5.1725833714 5.38382735197
120 -10.8830080405 6.11908370629
121 -2.4387165159 10.1467798389
122 -8.260306539009999 3.39405641635
123 -10.2804683186 1.69462825358
124 -3.12666962482 5.67741660436
125 -5.27920866385 17.4314672295
126 -5.36706461431 11.8509591222
127 -4.41410743073 4.15222497052
128 -8.429428156469999 4.21476418898
129 -2.47020984162 14.3954873458
130 -2.3176152599 7.60161462799
131 -2.83421575488 6.66193010891
132 -9.434841813749999 9.35884380341
133 -0.14301840961 1.23295426369
134 -0.220120191574 1.3644361496
135 -0.158293962479 1.39288699627
136 -0.07493485510349999 1.55277192593
137 -0.21369639039 1.20452654362
138 -0.061344280839 1.38508450985
139 -0.124406829476 2.25415754318
140 -0.0301025751978 1.40725314617
141 -0.116348534822 1.61428999901
142 -0.136550396681 1.40834021568
143 -0.154261305928 1.3039649725
144 -0.160241723061 1.74820697308
145 -0.159231692553 1.37374281883
146 -0.0543860159814 1.65049302578
147 -0.332374751568 1.33852553368
148 -0.219534382224 1.43788647652
149 -0.355037599802 1.45833861828
150 -0.25711402297 1.28120470047
151 -0.209062412381 1.25944185257
152 -0.166648522019 1.21065080166
153 -0.31025531888 1.62803149223
154 -0.191081374884 1.35626256466
155 -0.200483039021 1.9399664402
156 0.0322779715061 1.48717224598
157 -0.130311772227 1.01809120178
158 -0.174227997661 1.47250509262
159 -0.147547140718 1.59171557426
160 -0.33629566431 1.27104568481
161 -0.256305336952 1.19586324692
162 -0.125120103359 1.39705443382
163 -0.0751765370369 1.20272624493
164 -0.373893499374 1.41320443153
165 -0.0619485042989 1.45731675625
166 -0.149842634797 1.44539093971
167 -0.26561871171 1.14981198311
168 -0.0668056458235 2.00421786308
169 -0.170749008656 1.25568223
170 -0.171782389283 1.27407121658
171 -0.106119647622 1.55810928345
172 -0.113750264049 1.15385293961
173 -0.114723160863 1.43941557407
174 -0.161653414369 1.37520587444
175 -0.158542260528 1.74190330505
176 -0.337519824505 0.9043376445770001
177 -0.166360542178 1.60961210728
178 -0.06731722503900001 1.20062875748
179 -0.166411310434 1.10933876038
180 -0.109958872199 1.18401753902
181 -0.014945759438 1.47400426865
182 -0.227281793952 1.30653083324
183 0 2.52198243141
184 -0.193053781986 1.02750194073
185 0.0333254337311 1.96401762962
186 -0.334080666304 1.19532954693
187 0 1.42541027069
188 -0.190570935607 1.24091410637
189 -0.0836295709014 1.35294806957
190 -0.350919038057 1.25903272629
191 -0.229569405317 1.31187951565
192 -0.105226159096 1.44616019726
193 -0.147267654538 1.2850331068
194 -0.201046347618 1.02453660965
195 -0.157436400652 1.09394240379
196 -0.145312830806 1.32486987114
197 -0.20686455071 1.21666383743
198 -0.0491396561265 1.44296622276
199 -0.234131380916 1.49637639523
200 -0.196885153651 1.43183517456
201 -0.173522651196 1.26396989822
202 -0.0735278502107 1.33906757832
203 -0.177337348461 1.13790380955
204 -0.231486305594 1.25384259224
205 -0.173979505897 1.39294099808
206 -0.228070512414 1.58302116394
207 -0.203792795539 1.12785232067
208 -0.141200274229 1.50279676914
209 -0.0762142539024 1.23200297356
210 -0.0714723840356 1.43966960907
211 -0.16237847507 1.30267739296
212 -0.0189297534525 1.42773008347
213 -0.129362493753 1.21093392372
214 -0.275419890881 1.54388725758
215 -0.145913332701 1.26768040657
216 -0.260840982199 1.20348918438
217 -0.130325004458 1.34245479107
218 -0.141791373491 1.38107836246
219 -0.14791560173 1.53237986565
220 -0.282972931862 1.2787501812
221 -0.10193157196 1.52531421185
222 -0.271288722754 1.31971120834
223 -0.285389065742 1.34653902054
224 -0.157425507903 1.53942084312
225 -0.106486819685 1.19866836071
226 -0.0897677019238 1.35874927044
227 -0.375298410654 1.28065085411
228 -0.279254347086 0.987728476524
229 -0.09597601741550001 1.18697953224
230 -0.185507640243 1.40600061417
231 -0.0363405607641 1.40608525276
232 -0.152796596289 1.23488819599
233 -0.404952461521 0.294861468673
234 -0.228006497025 0.418107949197
235 -0.405688216289 0.517344202846
236 -0.360815643333 0.465680679306
237 -0.50672638913 0.196552315913
238 -0.222823236138 0.376484841108
239 -0.387242083251 0.290546660932
240 -0.220720726065 0.478946090986
241 -0.235524533583 0.302876429011
242 -0.358854666352 0.446344554424
243 -0.395755096147 0.231020838022
244 -0.406958396236 0.341387071248
245 -0.369089774787 0.300614657812
246 -0.195194900967 0.525828465819
247 -0.462010683119 0.333246173603
248 -0.334053649434 0.382620558143
249 -0.460421729088 0.222376285121
250 -0.7031394857910001 0.286055246989
251 -0.333956628107 0.416705636308
252 -0.427015212178 0.310503871366
253 -0.352315694094 0.434182332829
254 -0.516075205058 0.327843345702
255 -0.385776706661 0.337674077434
256 -0.20722331355 0.444046040376
257 -0.354383308958 0.28783765249
258 -0.359458014369 0.300001914746
259 -0.335735823649 0.5392450871210001
260 -0.378280036151 0.388406859338
261 -0.389148437224 0.369148135185
262 -0.325056592003 0.311912248532
263 -0.327579379082 0.428401475772
264 -0.404562860727 0.317946490645
265 -0.30034600012 0.53265012304
266 -0.33407831192 0.292114530587
267 -0.405931605026 0.277502749115
268 -0.316352794878 0.390062841121
269 -0.5214221328500001 0.234803916886
270 -0.439518399537 0.204231612384
271 -0.331875963602 0.266264945269
272 -0.401622499738 0.457996994257
273 -0.213056439534 0.400158882141
274 -0.286458503794 0.350528860465
275 -0.413588428249 0.377632385386
276 -0.453712075949 0.337456330657
277 -0.242315150332 0.5042637735610001
278 -0.27295562004 0.49671639502
279 -0.40577702721 0.53990694508
280 -0.416993553129 0.318466562778
281 -0.216086708249 0.510680556297
282 -0.33580039721 0.282856478821
283 -0.265884560134 0.702318005264
284 -0.413205539187 0.257694650974
285 -0.250125171883 0.451140969992
286 -0.526449422042 0.222336056177
287 -0.235422126949 0.590592607856
288 -0.398225031172 0.33349410817
289 -0.443337583914 0.392672743648
290 -0.413846363624 0.36992661003
291 -0.430831838931 0.306020506968
292 -0.305837513879 0.382570147514
293 -0.41372282058 0.294377414882
294 -0.289634730667 0.261604654603
295 -0.326089928548 0.368163585663
296 -0.385613374412 0.486022283634
297 -0.454950066283 0.27956950292
298 -0.224160065874 0.369286882381
299 -0.325684118622 0.252646436915
300 -0.260691832751 0.377012746036
301 -0.458053791896 0.291761997854
302 -0.277970873451 0.459971278906
303 -0.284630331803 0.324533508957
304 -0.532295353711 0.332279929519
305 -0.23430941999 0.388799523314
306 -0.259466014802 0.494579763334
307 -0.421570830875 0.245310554902
308 -0.302917996688 0.5209081918
309 -0.27606176734 0.334246565898
310 -0.19762654097 0.342601727694
311 -0.392572433998 0.2647956172
312 -0.223542624712 0.391990666091
313 -0.336075114256 0.250962689519
314 -0.332037923858 0.433799386024
315 -0.312645237627 0.379023641348
316 -0.393357472494 0.285812810063
317 -0.402624926663 0.407727405429
318 -0.387332275244 0.332274415131
319 -0.402506684264 0.282037609816
320 -0.425329425505 0.490314136175
321 -0.157404048368 0.477336868644
322 -0.434821132571 0.434768015146
323 -0.391527431086 0.246787383407
324 -0.281922398933 0.397127214287
325 -0.375180468778 0.541684317403
326 -0.400680051185 0.509108074009
327 -0.409298971295 0.342492702816
328 -0.398724896168 0.439521282911
329 -0.237170420321 0.470631055534
330 -0.446743926033 0.37940236181
331 -0.325245805085 0.356529800221
332 -0.371082469821 0.28622531953
333 -37.54807673 17.57052943
334 -13.079058 40.174164
335 -24.6692977 22.0366574
336 -25.24426888 31.60425626
337 -124.319202 0.7533344
338 -13.630498 54.0573026
339 -42.6139006 24.43952791
340 -20.4247724 26.378038
341 -41.09426459 5.68783299
342 -22.8920359 27.404631
343 -13.62522717 32.24240482
344 -27.96798234 26.46447703
345 -45.0273376 21.6334406
346 -52.04446772 12.8093856
347 -13.86501837 23.04681598
348 -46.9548019 11.5545249
349 -49.4164744489 1.767127252
350 -17.18188018 16.55053447
351 -45.474361 4.9710397
352 -39.5461153 9.8539434
353 -19.45195773 64.41673710000001
354 -83.0990565 4.90810509
355 -4.1988046 48.12407403
356 -1.40515753 43.043768961
357 -17.8327043 36.2265941
358 -22.4311924 33.56440682
359 -35.79765702 16.76700074
360 -23.38805167 44.2425952
361 -39.6385033 6.5418024
362 -55.22530332 13.43535774
363 -4.857606 64.52475250000001
364 -53.7226162 1.7985995
365 -19.169748446 19.9577577
366 -16.4630439 35.2007798
367 -52.8820456 11.541869151
368 -22.2805284 22.11853011
369 -26.09249553 11.61802407
370 -44.455624701 30.9309305
371 -28.33245976 18.42929826
372 -3.60717086 60.35347109
373 -69.0064072 2.3963218
374 -45.02075006 6.0364691
375 -28.6321594 23.33747951
376 -25.48809804 18.378143034
377 -28.60487263 17.911330228
378 -31.70725402 36.91942842
379 -2.2291398 74.41097550000001
380 -12.6907385 46.08188954
381 -64.1952115 2.4306017
382 -13.79770919 88.6653591
383 -0.5788147 4.017059
384 -1.085758 4.198269
385 -0.1831005 4.895372
386 -0.2827119 5.142643
387 -3.243612 2.332066
388 0.1845635 4.439471
389 -1.72345 4.666001
390 -0.6397278 5.353587
391 -1.455418 3.913491
392 -1.03378 3.663527
393 0.06843299 4.190171
394 -1.427477 5.404611
395 -1.499274 4.4549
396 -2.251656 5.649975
397 -0.1685581 4.790777
398 -1.327566 5.63608
399 -1.4038 5.099574
400 -0.2870198 5.268267
401 -1.10637 3.850875
402 -1.496351 3.800294
403 -0.3673608 8.274436
404 -2.398224 3.738015
405 -0.1359675 5.165034
406 -0.07499132999999999 7.736561
407 -1.557664 3.930449
408 -0.2979148 5.14607
409 -1.706291 6.005026
410 -0.7355707 6.561803
411 -2.415961 3.188046
412 -1.615989 3.841376
413 0.5384203 9.788465
414 -1.498965 5.945837
415 -0.9245292000000001 4.753325
416 -0.6742858 4.573957
417 -1.649029 5.406757
418 -0.3173522 3.803279
419 -0.256161 3.48473
420 -0.7126192 8.910392999999999
421 -0.4524274 3.511082
422 -0.671105 6.100351
423 -2.251585 4.027448
424 -0.9362487 3.912568
425 -0.3277954 4.643402
426 -0.4419999 3.470169
427 -1.060189 3.709309
428 -0.720377 8.423287
429 0.2119208 4.140075
430 -0.05320732 6.323665
431 -0.8962733000000001 4.109844
432 -1.009455 7.721789
433 -2.6307089 1.1322373
434 -1.1546355 1.55785922
435 -1.203216075 1.23104502
436 -1.0937986 1.96877515
437 -3.807209 0.1883336
438 -1.8043833 2.14374275
439 -3.2322165 1.40674558571
440 -1.424298655 1.62834785714
441 -1.899806 0.72966785
442 -1.68012954 1.24733659091
443 -1.2785083 1.76925166667
444 -1.883731 2.5026395
445 -3.14270486667 2.2486611
446 -3.4788315 1.1357139
447 -1.150675222 1.779545075
448 -2.4166802 1.779081485
449 -1.96306331429 0.17596335
450 -1.2540118 0.977572151111
451 -1.97742725 0.8031324075
452 -3.55127033333 0.9747983
453 -2.2179769 4.1979710025
454 -2.466044 0.61351313625
455 -0.4415717 1.93749856
456 -0.3512893825 3.13053464286
457 -1.69514303333 1.700612175
458 -1.813667075 3.3232405
459 -2.123643 1.516343725
460 -1.88309826667 1.23719855
461 -3.5637625 0.82236275
462 -3.472356 0.805008030833
463 -0.701253325 4.40093514286
464 -2.99173944 0.16570018
465 -1.5800114 1.24717198
466 -1.697863 1.61482245556
467 -2.89426875 1.75462523333
468 -1.4160821 1.4285576
469 -1.65452506667 0.687116225
470 -3.1069683 2.98706683571
471 -1.24943835 1.13804076667
472 -0.78194 2.74516195
473 -2.468284 0.798773933333
474 -1.982926125 1.571207
475 -1.2899841 1.498990625
476 -1.26321325 1.7442928
477 -2.24352366667 1.0373654
478 -1.89706 2.747568425
479 -0.44582796 2.13840266667
480 -1.23627325 1.93585854
481 -2.189608785 0.523489966667
482 -2.095616675 4.8880265
483 0 1
484 0 1
485 0 0.7719882487650001
486 0 1
487 0 1
488 0 1
489 0 1
490 0 1
491 0 1
492 0 1
493 0 1
494 0 1
495 0 1
496 0 1
497 0 0.995620715719
498 0 0.646914139385
499 0 1
500 0 1
501 0 1
502 0 1
503 0 1
504 0 1
505 0 1
506 0 1
507 0 0.970116333074
508 0 1
509 0 1
510 0 1
511 0 1
512 0 1
513 0 1
514 0 1
515 0 1
516 0 1
517 0 0.57893657573
518 0 0.969181453145
519 0 1
520 0 1
521 0 0.679151169445
522 0 1
523 0 1
524 0 0.611411564215
525 0 1
526 0 1
527 0 1
528 0 1
529 0 1
530 0 1
531 0 1
532 0 1
533 0 1
534 0 1
535 0 1
536 0 1
537 0 0.630798054027
538 0 1
539 0 1
540 0 1
541 0 1
542 0 1
543 0 1
544 0 0.5870510915579999
545 0 0.449214760162
546 0 1
547 0 1
548 0 1
549 0 1
550 0 1
551 0 1
552 0 1
553 0 1
554 0 1
555 0 1
556 0 1
557 0 1
558 0 1
559 0 1
560 0 1
561 0 1
562 0 1
563 0 0.452620261813
564 0 0.501039699305
565 0 0.49420771579
566 0 1
567 0 1
568 0 1
569 0 0.774493195354
570 0 0.792986486618
571 0 0.540701780805
572 0 0.540701780805
573 0 0.714372058565
574 0 0.489464238355
575 0 0.749574159553
576 0 0.849279528115
577 0 0.5916663430819999
578 0 0.80396807053
579 0 0.754523139468
580 0 0.743210256476
581 0 1
582 0 1
583 0 1
584 0 1
585 0 1
586 0 1
587 0 1
588 0 1
589 0 1
590 0 1
591 0 1
592 0 1
